primes = [13, 86028121, 179424673, 275604541, 373587883, 472882027, 573259391, 674506081, 776531401, 879190747, 982451653, 1086218491, 1190494759, 1295202449, 1400305337, 1505776939, 1611623773, 1717783147, 1824261409, 1931045213, 2038074743, 2145390523, 2147483647];

primecheck = [1, 1547, 2233, 2768, 3222, 3625, 3991, 4329, 4645, 4943, 5225, 5494, 5751, 5999, 6237, 6468, 6692, 6908, 7119, 7325, 7525, 7720, 7724];


sizes = 10 .^ [1:5];

FastPrimeSearch = [28, 4753, 497503, 49975003, 4999750003];
SlowPrimeSearch = [64, 9604, 996004, 99960004, 9999600004];
EratosthenesPrimeSearch = [3, 111, 1516, 17989, 202152];

